1.10 12.3
2.19 19.8
7.41 17.0
10.56 16.8
12.70 22.1
13.75 14.8
14.76 22.4
16.80 19.3
17.87 24.1
19.96 23.1
22.12 19.5
24.21 14.0
25.27 25.2
27.38 22.3
28.46 19.1
30.51 19.7
36.84 16.7
37.84 32.1
38.86 20.3
43.99 20.0
48.23 15.7
49.28 21.0
53.59 26.3
54.62 11.3
55.69 28.0
56.77 25.4
57.78 16.8
58.85 26.9
59.90 23.5
60.94 25.5
63.04 18.3
65.15 12.3
66.23 29.5
67.23 22.2
69.28 24.7
72.50 28.0
73.60 22.2
75.70 20.8
77.77 26.5
78.83 14.6
81.95 18.8
83.05 13.1
84.07 16.3
87.24 18.0
88.33 13.8
89.37 19.0
93.58 28.6
94.66 13.8
95.69 17.8
97.79 26.3
101.00 21.3
102.01 24.1
103.01 26.4
105.10 22.8
107.22 11.7
108.28 19.1
109.35 18.5
112.41 16.5
113.51 22.6
114.51 16.4
116.58 13.4
118.70 15.6
120.75 20.6
123.85 18.1
125.97 19.7
127.00 18.7
128.05 20.3
130.20 19.6
131.22 17.3
132.26 18.3
135.37 27.1
140.61 20.0
141.70 21.9
142.73 25.7
143.76 18.5
148.03 25.5
150.10 21.9
152.16 17.2
154.34 16.0
155.38 23.1
159.66 27.1
161.81 20.1
162.86 13.7
166.07 20.9
167.11 25.1
172.39 16.2
175.56 28.4
177.61 18.4
178.70 25.3
179.71 21.9
180.75 21.4
190.09 21.0
191.18 22.9
192.21 18.9
193.31 15.9
195.41 22.0
196.50 17.4
205.88 9.2
206.89 26.1
207.94 19.7
210.10 30.0
Average temperature: 20
